9780373131693
9781419707223
9788437625393
9780985170905
9781620297476
9781480505506
9781580054829
9781848720824
9780415862615
9780132887762
9780062286420
9780230299962
9780199860142
9780758272676
9780801015380
9781432975142
9780884865179
9781285082691
9780062231833
9781564788542
9780415523196
9780833060129
9780822354994
9781607067276
9781402285660
9780988464803
9781604600797
9780805097894
9780803741027
9780399161124
9781416999560
9781470888572
9781611211405
9781934770528
9780199735419
9780307474575
9780309267809
9780399161735
9781743171523
9781118609484
9780914390732
9781851681211
9781842174852
9780310733232
9780310431503
9780321882004
9781848721364
9780857459695
9781463433178
9781625109804
9781620454268
9781897106952
9781935212959
9781590563854
9788493961503
9788497778718
9780299291143
9780825442247
9781597142007
9780738742892
9780738598741
9780764343490
9781624062582
9780764342752
9780739092262
9781449427191
9788480239790
9781470898878
9781600787751
9781936514632
9780373718948
9789241548533
9780310421603
9780986996832
9780916390358
9781107024014
9781118611524
9781594933530
9780415770347
9781556434358
9788498727210
9781927424629
9780776605142
9789004231832
9789004233348
9780857028808
9781601254757
9780385535304
9780307932655
9781937068820
9780547503509
9780989758307
9780821804186
9781469250168
9781608872190
9780470903735
9781423625223
9780553386769
9780812245301
9781927484050
9781448896677
9781616552107
9781906838386
9780876853597
9780062238832
9780385359511
9780758269294
9781620612941
9781884550706
9780062026804
9783931936471
9789814390118
9788498727135
9780062079824
9781402269028
9781433349362
9781470889432
9781622951499
9780878392278
9781410454683
9780762779031
9780547342481
9780415535281
9780738596914
9780762770861
9780754818847
9781583946008
9780778721840
9780307897015
9780739095126
9781440235740
9781455850150
9780816687664
9781600149382
9781609494360
9781452113609
9780299290641
9781480630345
9780807616260
9781926973975
9780071794169
9780062196866
9780892074891
9781480524354
9781433813238
9781587131585
9781604600537
9781617751325
9781603090650
9781410455840
9780425269350
9780664239145
9780316176354
9781419034114
9781580894364
9781580894371
9781107001510
9780062024626
9780470604403
9780226034027
9780262019217
9780071497329
9780804784412
9780062117885
9781401942496
9781449421779
9781580893954
9781591140542
9781608198238
9781611736458
9781611736465
9781611736502
9781624066054
9781844488216
9781840785654
9780829764949
9781906548889
9781906697426
9782080201447
9780071763226
9780415518406
9780253006769
9780415162364
9780754824046
9780766040991
9780825455551
9780786031801
9780781406239
9780764812446
9781433235078
9781469218380
9781477713136
9780778711209
9781467110006
9781466636644
9781561637058
9781611098068
9781608457168
9781608459544
9781611736601
9781857827989
9781936140374
9780071796774
9780764345203
9780821420355
9780849391002
9781421408309
9781440559990
9781469276199
9781576859216
9781611736397
9781621477747
9781622430154
9781622430161
9781848987791
9781742663258
9781780192031
9781933065434
9780062074874
9780545438513
9781441785350
9780807613047
9781455898015
9780415647472
9780061759291
9781600788215
9781609815134
9781618210234
9781780192147
9781935106555
9788415235187
9788496595217
9789814350440
9780451236319
9780766041349
9780802723123
9780815723943
9780727883056
9781402272950
9781480504189
9781423633402
9781470887421
9781440233845
9781441849533
9781576859193
9781588382597
9781602585430
9781602586499
9781612385389
9781609816964
9781611736267
9781611736274
9781611736342
9781611736366
9781611736441
9781613753422
9781622430123
9781622430147
9781622430444
9781622430451
9781622430468
9781622430475
9781622430499
9781622430529
9781622430543
9781622430550
9783775734745
9789460090486
9780099573463
9780199652037
9781423631989
9780752488561
9781841624662
9780143123088
9780415627870
9780802723598
9780976669791
9780763664480
9780967890487
9781438001050
9781451793147
9781426752537
9781446302132
9781446303061
9781469600888
9781449357276
9781565237698
9781605843421
9780373863068
9781590772119
9781611634129
9781592174768
9781599908403
9781600149054
9781848321601
9782067181953
9789814385367
9780071782777
9780700619047
9780878396023
9780425254424
9780764342875
9781438448435
9780230299726
9781410454812
9781433677533
9781449421762
9781555976453
9783869305578
9783899391411
9789460090387
9789460090530
9781597092364
9780544274273
9780205957606
9781455858286
9780062294777
9781606351390
9781620400371
9781455866106
9780758638519
9780062187543
9780309257152
9780738598505
9780766041097
9780803243576
9781781907627
9780984529049
9781479756872
9781469267715
9781584691921
9781591881612
9781620873724
9781620874684
9781620874752
9780738596952
9781933382401
9781936314812
9781936182404
9783795425661
9783800341139
9783800341153
9783800341368
9783800341436
9780299292508
9780071809245
9780295992419
9780300166842
9780425251959
9780815610083
9781560274254
9781846436239
9781464201318
9781410454201
9781574214345
9781843229780
9780310411550
9783868283242
9780754823896
9781400060689
9781455503254
9781617834127
9781441170033
9781442646438
9781906868857
9783865688019
9781935210450
9788498884265
9788498884272
9780061944956
9780230276222
9780230372030
9780720614817
9780851156620
9780983062233
9781137280909
9781447155225
9781410949066
9781410949264
9781410949271
9781410949288
9781410949400
9781410949417
9781410949424
9781410950086
9781410950116
9781410951113
9781410951120
9781410951137
9781410951144
9781432970697
9781432970703
9781432970710
9781432970727
9781432970734
9781434240934
9781434240941
9781434244857
9781434244864
9781434244871
9781434244888
9781451791433
9780062020543
9781594774713
9781612341620
9781780762678
9781844766307
9788499898674
9789953500706
9780262018401
9780262018647
9780300175387
9780300186482
9780300192391
9780300194449
9780719087776
9780738596365
9780882409139
9781416590750
9781449755027
9781604600704
9781455808106
9781469276144
9781469276175
9781617751967
9781601632388
9781601632517
9781604079388
9781612120096
9781840681895
9781934490464
9781937844882
9780486474243
9780545541350
9780525952459
9780553382532
9780142424186
9780738598147
9780415596886
9780736951791
9780857332530
9781452612607
9781419707681
9781434247148
9781434247155
9781434247162
9781480570368
9781452611884
9781585103362
9781615045044
9781936140732
9781936140893
9789814383806
9780300189209
9780300191769
9780300192414
9780857084026
9780520261495
9780520270251
9780520271548
9780373697106
9780803629813
9780803636644
9781452609812
9781408315088
9781448894031
9781455871896
9781604682755
9780133087895
9781580893213
9781580895750
9781592985586
9781593639679
9781597073523
9781608955749
9781609402525
9783527410682
9789221252733
9780520274808
9780520275751
9780745649573
9780738611266
9780634094576
9780745661735
9780719088193
9780761177579
9780764822339
9780812245233
9780879108052
9780873518901
9780889712768
9781845967963
9781459401914
9781589837331
9781560375449
9781560375456
9781560375463
9780812245851
9781611749212
9781616376239
9781616891435
9781845531980
9781936140756
9781936140909
9789004226814
9780415600941
9780299177447
9780916819002
9780738610993
9780785151111
9780801015076
9780801015212
9780801035784
9780801048760
9780802733948
9780811711241
9780811712224
9781459401792
9781459402560
9781464200908
9781464200922
9781464201202
9780307742919
9781617772191
9781742374185
9781616364373
9783800341344
9788415241003
9788483431672
9788483431801
9788498257113
9788498257151
9788498257168
9788498257403
9788498257489
9781593166502
9780399255199
9780833027832
9780800788292
9780800795429
9780801039164
9780804202206
9780062213655
9780903585330
9781405192323
9781444334784
9781467509343
9781583556863
9781782124252
9781742755663
9781742758442
9781846947117
9781477722282
9783037643303
9781921145001
9781908739346
9789522670236
9780142196953
9780142422885
9780470572177
9780470712054
9780735841116
9781410458254
9780766040793
9780766040830
9780800795528
9780801048517
9780817317898
9781412995078
9781414375687
9781414376769
9781464201264
9781455850969
9781469268064
9781469276465
9781469276618
9781782194705
9780415854467
9781742379975
9780314286659
9780674072558
9780757003813
9780310421221
9781613778005
9781937844899
9780415504171
9780819228253
9780826109354
9780934324571
9780061914966
9781426714344
9781432826390
9781440321115
9781608872756
9781780190228
9781849290913
9781938922138
9782365110112
9783527332588
9783862062065
9788881588534
9789004244863
9789461300751
9780230115842
9780835811927
9780824932183
9780963599001
9780824932145
9780849964664
9780547572208
9781907554612
9781482914412
9780538973588
9780966350333
9781469234816
9781467706926
9781469209869
9781562868758
9781608871308
9781612192222
9780123865458
9780547615622
9781611736380
9780007436620
9781905107520
9788493949884
9788994208770
9780310328179
9781624311376
9780870334368
9780865717169
9781465408648
9781410454737
9781410455000
9781410455253
9780857111258
9781441740908
9781452611556
9781451763737
9781452641454
9781469276168
9781568364988
9780415717922
9781595548726
9780739094143
9781780963754
9780373803569
9789056913953
9780071791151
9780804842709
9780761375630
9780762773275
9780807544006
9780807589168
9781118134146
9780985581008
9781111581183
9781285071978
9781410458094
9781410454997
9781410455260
9781432826796
9781477816387
9781614380870
9781444177244
9781605542423
9781609499006
9781841624150
9781843229216
9780691157771
9780230276215
9780230368279
9780805813647
9780762782949
9780807505090
9780807548202
9780807549902
9780807565261
9780807572139
9780807576953
9780823427376
9781554738250
9781426752797
9781118509371
9781426714160
9781435146020
9781433676987
9781455850624
9781469210377
9781469244303
9781469249186
9781469276311
9781469276342
9781469279695
9781611099713
9781608324200
9781617836398
9781617836404
9781841624006
9782067181892
9784805312667
9780253007483
9781423145189
9780674072718
9780735673229
9780735841086
9780807525067
9780807572245
9780807578711
9780807579046
9780982209493
9781433602955
9781433602979
9781433603228
9781433603327
9781455737338
9781469085128
9781617836305
9781617836336
9781617836343
9781617836350
9781617836367
9781617836374
9781617836381
9781849434386
9782757203187
9789522670229
9780755364039
9780520275843
9781118426364
9781118493632
9781452611747
9781464200397
9781464201219
9780857421050
9780859655118
9781571050663
9780857083081
9780871407429
9780785184010
9780758263308
9780848743550
9780857231956
9780847838288
9781442614017
9781438989877
9781433986758
9781434248879
9781480545908
9781401677282
9781467707633
9780316211321
9788857211732
9780141350035
9780829763300
9780323112963
9780253006455
9780253007476
9780766041332
9780807509043
9780807545362
9780811712569
9780739097021
9780385368186
9781593765125
9781608182718
9781612512150
9781842175071
9780062274724
9780141195377
9781906403966
9781937027216
9789814452908
9780393345063
9780764166686
9780735841185
9780807515792
9780807525128
9781410453723
9781410454874
9781426758232
9781459707443
9781604079784
9781614483427
9789671061718
9789814260473
9789814385169
9789814385268
9789814385299
9789814385404
9780062257901
9780062206800
9780310315476
9780448457383
9780310416753
9780310325833
9780323241670
9781410456557
9781480606067
9780525954286
9780814680179
9780807545508
9781118369944
9781118433201
9781118433249
9781464201226
9781470842468
9781568365060
9781609289058
9781616551117
9781848321618
9789461300355
9780230293557
9780415522465
9780415842679
9780781410328
9780752466309
9780415640329
9780807508022
9780986839900
9781118487648
9781477701379
9781612613635
9788792877062
9781452110547
9780664239329
9780738595108
